name	len	score	pvalue
NODE_16_length_17398_cov_2.561668	17398	0.20071637630462646	0.1466122818944029
NODE_10_length_21507_cov_3.191404	21507	0.08983530104160309	0.19614396857768715
NODE_17_length_16920_cov_2.673347	16920	0.024733632802963257	0.2804970163909661
NODE_7_length_22631_cov_3.032512	22631	0.05023176968097687	0.23408112395196012
NODE_13_length_18704_cov_9.824870	18704	0.7013274431228638	0.03283858297454491
NODE_34_length_13435_cov_2.243049	13435	0.04474596306681633	0.24186116776191555
NODE_18_length_16576_cov_2.528539	16576	0.07327400147914886	0.20953244202734345
NODE_19_length_16331_cov_2.321271	16331	0.08045043051242828	0.2033008535387869
NODE_22_length_15913_cov_2.347143	15913	0.11354060471057892	0.18183019865548758
NODE_4_length_32163_cov_2.726548	32163	0.1508195549249649	0.16426844927864642
NODE_14_length_18393_cov_2.334824	18393	0.06175366789102554	0.220900370118589
NODE_25_length_15093_cov_2.898590	15093	0.3255177140235901	0.11350932849913135
NODE_11_length_21052_cov_2.630757	21052	0.12834623456001282	0.17457889568698542
NODE_28_length_14543_cov_2.829445	14543	0.056585997343063354	0.22664098496865323
NODE_37_length_13024_cov_2.313440	13024	0.051261693239212036	0.23279703905128787
NODE_1_length_48799_cov_5.520556	48799	1.0	0.0
NODE_8_length_22335_cov_2.825314	22335	0.11648255586624146	0.18050834655185438
NODE_5_length_27654_cov_2.884706	27654	0.18973782658576965	0.15040788579197825
NODE_26_length_15021_cov_2.774689	15021	0.09678864479064941	0.19149860261349044
NODE_12_length_18838_cov_2.374594	18838	0.20269127190113068	0.14598912304554726
NODE_31_length_13674_cov_4.450106	13674	0.7918636798858643	0.02600271923861319
NODE_20_length_16267_cov_2.497101	16267	0.11002945899963379	0.18379409320945692
NODE_15_length_17588_cov_2.502595	17588	0.04565347731113434	0.24059596646272377
NODE_40_length_12983_cov_2.124149	12983	0.03121086396276951	0.2653146008006647
NODE_32_length_13588_cov_3.191458	13588	0.8417361974716187	0.02211269733363547
NODE_38_length_13020_cov_2.840031	13020	0.10266301035881042	0.18811843794848554
NODE_43_length_12159_cov_2.758179	12159	0.1119953989982605	0.18271772792506988
NODE_6_length_23755_cov_2.807257	23755	0.015689438208937645	0.31180602764559257
NODE_27_length_14670_cov_3.247554	14670	0.8147242665290833	0.024152126293526702
NODE_39_length_13017_cov_2.252739	13017	0.14418694376945496	0.16728982551552232
NODE_23_length_15573_cov_2.883168	15573	0.07526001334190369	0.20779515069113982
NODE_44_length_12090_cov_2.271708	12090	0.07968375086784363	0.20384847798172068
NODE_46_length_11828_cov_2.558226	11828	0.016829971224069595	0.3068396404562278
NODE_35_length_13219_cov_2.644409	13219	0.02474883198738098	0.28047813278948563
NODE_49_length_11354_cov_2.625277	11354	0.0586298331618309	0.22450713800135963
NODE_29_length_14318_cov_2.778518	14318	0.03030940517783165	0.2670896593398293
NODE_33_length_13458_cov_2.493322	13458	0.12328672409057617	0.17707153108240803
NODE_41_length_12380_cov_2.128114	12380	0.009747615084052086	0.3461364151370949
NODE_47_length_11738_cov_2.317983	11738	0.12176943570375443	0.17786464234458796
NODE_21_length_16150_cov_2.552035	16150	0.12103588879108429	0.17837449958456078
NODE_52_length_11066_cov_2.714921	11066	0.2715681195259094	0.1267278495354634
NODE_9_length_21977_cov_2.887921	21977	0.07840922474861145	0.20503814487499056
NODE_45_length_12070_cov_2.736413	12070	0.02881718799471855	0.2703754059974318
NODE_2_length_33884_cov_2.665731	33884	0.16926540434360504	0.1575270035501171
NODE_48_length_11540_cov_2.652503	11540	0.9853362441062927	0.008478737064732986
NODE_24_length_15204_cov_2.727177	15204	0.08161091804504395	0.2023377898632827
NODE_42_length_12204_cov_3.578566	12204	0.07036899775266647	0.21211949543016845
NODE_50_length_11317_cov_2.684958	11317	0.01878853514790535	0.2990407130447919
NODE_67_length_9593_cov_2.432690	9593	0.022494668141007423	0.2868041392854445
NODE_55_length_10673_cov_2.505180	10673	0.030333857983350754	0.26705189213686836
NODE_36_length_13089_cov_1.978211	13089	0.08037199079990387	0.20333862074174786
NODE_64_length_9873_cov_2.603483	9873	0.032080452889204025	0.2634640078555782
NODE_68_length_9536_cov_2.079633	9536	0.017967464402318	0.3020998564846287
NODE_3_length_32343_cov_2.659719	32343	0.11426292359828949	0.18145252662587807
NODE_53_length_10892_cov_2.132970	10892	0.05898718163371086	0.2240728151673087
NODE_73_length_9254_cov_2.396891	9254	0.011399751529097557	0.33391872497922803
NODE_65_length_9833_cov_2.514011	9833	0.019827283918857574	0.29505627313241184
NODE_30_length_14135_cov_2.415625	14135	0.09626702964305878	0.19185739104161945
NODE_56_length_10664_cov_2.652936	10664	0.07569077610969543	0.20741747866153032
NODE_51_length_11218_cov_2.887844	11218	0.03809385001659393	0.25237933378653976
NODE_79_length_9074_cov_3.418783	9074	0.031185798346996307	0.2653901352065866
NODE_74_length_9223_cov_2.688373	9223	0.0977056547999382	0.19089432736611525
NODE_61_length_10223_cov_2.530586	10223	0.04150449484586716	0.24694085656016315
NODE_69_length_9442_cov_2.623202	9442	0.07590911537408829	0.20717199184228416
NODE_58_length_10331_cov_2.667964	10331	0.07713043689727783	0.20586902334013144
NODE_80_length_9065_cov_2.557381	9065	0.5558476448059082	0.04754890852783443
NODE_85_length_8975_cov_3.104709	8975	0.03180605545639992	0.26404939950147294
NODE_75_length_9184_cov_2.230693	9184	0.012853410094976425	0.3249678978774832
NODE_88_length_8942_cov_3.456059	8942	0.05318836122751236	0.23022886924994335
NODE_70_length_9422_cov_2.439201	9422	0.01401812769472599	0.3193028174333409
NODE_76_length_9183_cov_2.508983	9183	0.08328599482774734	0.20094040335372762
NODE_81_length_9056_cov_3.132874	9056	0.04903479665517807	0.23566734647631996
NODE_86_length_8970_cov_2.416040	8970	0.006395459175109863	0.37493390739481836
NODE_91_length_8645_cov_2.185797	8645	0.007313307374715805	0.36588866228567113
NODE_94_length_8501_cov_3.237154	8501	0.26371991634368896	0.12863509328499131
NODE_87_length_8946_cov_2.401867	8946	0.04739942401647568	0.23795226225545735
NODE_54_length_10751_cov_2.542072	10751	0.5089921951293945	0.057500566508044415
NODE_66_length_9750_cov_3.074678	9750	0.034888915717601776	0.25864868947805725
NODE_59_length_10328_cov_2.725591	10328	0.03345244377851486	0.2611979756779213
NODE_92_length_8641_cov_3.140345	8641	0.5741654634475708	0.04515069113981419
NODE_71_length_9310_cov_2.369530	9310	0.23855003714561462	0.13545207341944254
NODE_89_length_8936_cov_1.979619	8936	0.0453433096408844	0.24099252209381372
NODE_97_length_8326_cov_2.402612	8326	0.9314152598381042	0.015465669612508498
NODE_95_length_8455_cov_1.816071	8455	0.04752366244792938	0.23774454263917214
NODE_82_length_9014_cov_2.307512	9014	0.09136828780174255	0.19502983609033914
NODE_60_length_10226_cov_5.480877	10226	0.9998494386672974	0.0019072437495279099
NODE_98_length_8312_cov_3.138186	8312	0.03383488208055496	0.2603670972127804
NODE_93_length_8572_cov_2.910649	8572	0.009832736104726791	0.3453244202734346
NODE_57_length_10395_cov_3.943520	10395	0.6162240505218506	0.0404297907696956
NODE_96_length_8346_cov_2.395972	8346	0.7124240398406982	0.03208323891532593
NODE_77_length_9166_cov_2.355834	9166	0.027115948498249054	0.27460533272905807
NODE_62_length_10159_cov_2.614212	10159	0.026677222922444344	0.2756250472090037
NODE_72_length_9296_cov_2.962125	9296	0.08444328606128693	0.20005287408414532
NODE_99_length_8309_cov_2.519869	8309	0.020280005410313606	0.29367777022433716
NODE_83_length_9010_cov_2.055165	9010	0.11156068742275238	0.18288768033839414
NODE_63_length_10125_cov_2.714796	10125	0.05078887194395065	0.23338243069718256
NODE_90_length_8801_cov_2.780814	8801	0.05195104330778122	0.23179620817282273
NODE_100_length_8265_cov_1.919123	8265	0.014339268207550049	0.31775436211194197
NODE_84_length_8984_cov_2.878822	8984	0.04441855102777481	0.24218218898708363
NODE_78_length_9121_cov_1.956541	9121	0.020525053143501282	0.2927524737517939
NODE_107_length_8017_cov_2.377167	8017	0.035784605890512466	0.25694916534481455
NODE_125_length_7589_cov_2.378152	7589	0.018460195511579514	0.30019261273510084
NODE_101_length_8222_cov_2.085099	8222	0.07415282726287842	0.20864491275776115
NODE_122_length_7662_cov_2.466413	7662	0.01564297080039978	0.31195709645743636
NODE_113_length_7799_cov_2.593363	7799	0.10760467499494553	0.185191479719012
NODE_131_length_7361_cov_5.802491	7361	0.17040851712226868	0.15701714631014427
NODE_116_length_7760_cov_2.021674	7760	0.030891921371221542	0.26608882846136417
NODE_104_length_8180_cov_2.400615	8180	0.06784097105264664	0.21434776040486442
NODE_134_length_7246_cov_2.458907	7246	0.03060999885201454	0.2665798020998565
NODE_128_length_7498_cov_1.925702	7498	0.024264056235551834	0.28176221769015786
NODE_102_length_8212_cov_2.291406	8212	0.0334269255399704	0.26121685927940175
NODE_110_length_7914_cov_2.469016	7914	0.050376046448946	0.2339489387415968
NODE_108_length_7974_cov_2.267079	7974	0.02343224361538887	0.2841604350781781
NODE_119_length_7719_cov_2.807281	7719	0.06487957388162613	0.2173124858372989
NODE_105_length_8117_cov_3.196477	8117	0.013203826732933521	0.32323060654127955
NODE_103_length_8181_cov_2.209820	8181	0.08216738700866699	0.20180904902182945
NODE_111_length_7855_cov_2.487436	7855	0.06032119691371918	0.22250547624442935
NODE_135_length_7232_cov_2.121917	7232	0.027780048549175262	0.2729624594002568
NODE_112_length_7837_cov_2.200334	7837	0.3349020481109619	0.11129994712591586
NODE_137_length_7198_cov_1.847543	7198	0.2011433243751526	0.14642344587959816
NODE_120_length_7702_cov_2.390480	7702	0.0068357763811945915	0.37042072664098497
NODE_126_length_7583_cov_2.218252	7583	0.011324875988066196	0.3343719314147594
NODE_106_length_8105_cov_2.843354	8105	0.09580258280038834	0.19221617946974848
NODE_132_length_7323_cov_2.332554	7323	0.03286156430840492	0.26233099176674973
NODE_109_length_7915_cov_2.091349	7915	0.14383065700531006	0.1673842435229247
NODE_117_length_7755_cov_2.953636	7755	0.05029319226741791	0.2340244731475187
NODE_140_length_7130_cov_2.321272	7130	0.015214109793305397	0.31358108618475716
NODE_138_length_7178_cov_1.896252	7178	0.04871775209903717	0.23625273812221467
NODE_129_length_7389_cov_2.728525	7389	0.1555483639240265	0.16270111035576706
NODE_114_length_7772_cov_2.938448	7772	0.020539823919534683	0.29273359015031347
NODE_127_length_7560_cov_2.523251	7560	0.11806479841470718	0.17969635168819398
NODE_136_length_7231_cov_2.450251	7231	0.18752862513065338	0.1512576478585996
NODE_123_length_7608_cov_2.449093	7608	0.07988534867763519	0.20364075836543546
NODE_121_length_7689_cov_2.213518	7689	0.04036711901426315	0.24888586751265201
NODE_143_length_7122_cov_2.591482	7122	0.059819746762514114	0.22309086789032403
NODE_141_length_7127_cov_1.910633	7127	0.09694299101829529	0.19136641740312713
NODE_144_length_7084_cov_2.680893	7084	0.06057695671916008	0.22229775662814413
NODE_146_length_7049_cov_2.305834	7049	0.04965149611234665	0.23479870080821813
NODE_133_length_7299_cov_2.132800	7299	0.03226904571056366	0.2631052194274492
NODE_139_length_7141_cov_2.567880	7141	0.009659427218139172	0.34674069038447014
NODE_142_length_7126_cov_2.557488	7126	0.03408148139715195	0.2598950071757686
NODE_147_length_7044_cov_2.734011	7044	0.10543237626552582	0.18664551703300852
NODE_145_length_7061_cov_2.532115	7061	0.03372454643249512	0.2606125840320266
NODE_155_length_6817_cov_1.742236	6817	0.015811163932085037	0.3113339376085807
NODE_149_length_6998_cov_2.059916	6998	0.008371790871024132	0.35622025832766824
NODE_130_length_7382_cov_2.379828	7382	0.03611298277974129	0.25630712289447843
NODE_118_length_7753_cov_2.458041	7753	0.05709865689277649	0.22598005891683662
NODE_152_length_6862_cov_2.018804	6862	0.07414696365594864	0.20864491275776115
NODE_148_length_7040_cov_2.537724	7040	0.02580726146697998	0.2778533121836997
NODE_164_length_6684_cov_2.145572	6684	0.028453292325139046	0.2711685172596118
NODE_161_length_6720_cov_2.148837	6720	0.03862433880567551	0.25151068811843796
NODE_173_length_6499_cov_2.374922	6499	0.3676011562347412	0.10416194576629655
NODE_158_length_6765_cov_2.529657	6765	0.03988383710384369	0.2494712591585467
NODE_167_length_6612_cov_2.204057	6612	0.05409600958228111	0.22934133998036105
NODE_115_length_7760_cov_2.113303	7760	0.08879546076059341	0.1968237782309842
NODE_124_length_7593_cov_2.630273	7593	0.041108209639787674	0.24767731701790166
NODE_156_length_6771_cov_2.490768	6771	0.0326872318983078	0.26261424578895687
NODE_150_length_6959_cov_1.963789	6959	0.43412885069847107	0.08782763048568623
NODE_168_length_6612_cov_2.164557	6612	0.013411575928330421	0.3220598232494901
NODE_162_length_6687_cov_3.085796	6687	0.05289798974990845	0.23064430848251377
NODE_176_length_6437_cov_1.844563	6437	0.0795852541923523	0.20392401238764257
NODE_165_length_6679_cov_3.029136	6679	0.009269071742892265	0.34938439459173654
NODE_169_length_6544_cov_2.308522	6544	0.1533372402191162	0.16334315280610318
NODE_153_length_6851_cov_2.198646	6851	0.06943506747484207	0.21295037389530933
NODE_157_length_6769_cov_2.332887	6769	0.06370006501674652	0.21829443311428356
NODE_182_length_6301_cov_2.857028	6301	0.024344611912965775	0.2813845456605484
NODE_159_length_6746_cov_2.609924	6746	0.01714596338570118	0.30540448674371173
NODE_170_length_6541_cov_2.455442	6541	0.06562330573797226	0.21665155978548228
NODE_185_length_6271_cov_2.156210	6271	0.013836500234901905	0.3202092303044037
NODE_177_length_6372_cov_3.128225	6372	0.040609605610370636	0.248527079084523
NODE_163_length_6687_cov_2.086550	6687	0.026564951986074448	0.2759083012312108
NODE_166_length_6638_cov_3.841106	6638	0.14220798015594482	0.16808293677770225
NODE_178_length_6371_cov_1.966909	6371	0.012686582282185555	0.32579877634262405
NODE_174_length_6491_cov_2.189093	6491	0.003688477212563157	0.415325930961553
NODE_151_length_6890_cov_2.607462	6890	0.02080528810620308	0.2917894100762897
NODE_186_length_6262_cov_2.961495	6262	0.056677691638469696	0.22654656696125086
NODE_179_length_6359_cov_2.005076	6359	0.1395982950925827	0.1695936248961402
NODE_183_length_6289_cov_1.945300	6289	0.0659928172826767	0.21636830576327518
NODE_188_length_6232_cov_2.606605	6232	0.018386978656053543	0.3004947503587884
NODE_197_length_6068_cov_2.311492	6068	0.008784176781773567	0.3530289296774681
NODE_191_length_6166_cov_2.089347	6166	0.005933056119829416	0.3803535010197145
NODE_194_length_6130_cov_2.043951	6130	0.03161938861012459	0.26452148953848476
NODE_160_length_6728_cov_1.932114	6728	0.024337895214557648	0.28144119646498983
NODE_189_length_6222_cov_2.505108	6222	0.045771967619657516	0.2404260140493995
NODE_200_length_6064_cov_2.161924	6064	0.03921796754002571	0.2504909736384923
NODE_154_length_6830_cov_2.739779	6830	0.06278149038553238	0.21969181962383866
NODE_198_length_6067_cov_1.883733	6067	0.005546637810766697	0.38547095702092304
NODE_184_length_6283_cov_2.024566	6283	0.033080995082855225	0.26182113452677697
NODE_190_length_6208_cov_2.506907	6208	0.022454703226685524	0.28693632449580786
NODE_171_length_6530_cov_2.198147	6530	0.027413254603743553	0.27386887227131956
NODE_199_length_6065_cov_3.044260	6065	0.043125033378601074	0.24452375557066244
NODE_175_length_6448_cov_2.426247	6448	0.01428174413740635	0.3180564997356296
NODE_180_length_6336_cov_1.720904	6336	0.007609572261571884	0.3632638416798852
NODE_187_length_6245_cov_2.314055	6245	0.03501005098223686	0.2584032026588111
NODE_192_length_6147_cov_2.415955	6147	0.006406663917005062	0.374801722184455
NODE_172_length_6511_cov_2.908147	6511	0.7568235397338867	0.028835259460684343
NODE_181_length_6327_cov_2.038584	6327	0.012891608290374279	0.32476017826119796
NODE_195_length_6106_cov_3.103289	6106	0.01512591540813446	0.3139398746128862
NODE_193_length_6145_cov_2.704105	6145	0.0795910507440567	0.20392401238764257
NODE_196_length_6101_cov_2.329474	6101	0.25063949823379517	0.13207190875443764
NODE_203_length_6019_cov_2.328974	6019	0.26155105233192444	0.12905053251756174
NODE_207_length_5974_cov_2.299206	5974	0.03181928023695946	0.26404939950147294
NODE_213_length_5911_cov_2.246072	5911	0.017308196052908897	0.3047246770904147
NODE_215_length_5886_cov_2.252444	5886	0.020478511229157448	0.2929413097665987
NODE_201_length_6062_cov_2.292326	6062	0.025117293000221252	0.27949618551250094
NODE_223_length_5782_cov_2.196787	5782	0.01451107021421194	0.3167724148349573
NODE_205_length_6004_cov_2.312994	6004	0.19137567281723022	0.14980361054460306
NODE_209_length_5919_cov_2.872101	5919	0.025614317506551743	0.27815544980738727
NODE_217_length_5877_cov_1.756441	5877	0.009158051572740078	0.35017750585391644
NODE_221_length_5798_cov_3.230193	5798	0.49062854051589966	0.06894402900521188
NODE_211_length_5914_cov_2.951528	5914	0.06212300434708595	0.2204660472845381
NODE_219_length_5827_cov_2.584719	5827	0.0029542676638811827	0.43152806103179997
NODE_214_length_5891_cov_2.545236	5891	0.02704812027513981	0.27468086713497997
NODE_208_length_5970_cov_2.417751	5970	0.0936029851436615	0.1935191479719012
NODE_216_length_5878_cov_2.082260	5878	0.024997355416417122	0.2798927411435909
NODE_204_length_6015_cov_2.787752	6015	0.006882255896925926	0.3698919857995317
NODE_206_length_5983_cov_2.598684	5983	0.0032209663186222315	0.42499433491955585
NODE_212_length_5913_cov_2.362581	5913	0.15220694243907928	0.16373970843719315
NODE_227_length_5739_cov_2.922942	5739	0.07543131709098816	0.20754966387189364
NODE_202_length_6058_cov_2.566217	6058	0.03567901998758316	0.25711911775813884
NODE_210_length_5917_cov_2.862845	5917	0.0021128584630787373	0.45590679054309236
NODE_220_length_5823_cov_2.144591	5823	0.005000493489205837	0.3925900747790619
NODE_218_length_5835_cov_2.125433	5835	0.05713433027267456	0.22596117531535614
NODE_241_length_5537_cov_2.286757	5537	0.0004695522366091609	0.5602198051212327
NODE_231_length_5691_cov_1.886267	5691	0.005597385577857494	0.38465896215726264
NODE_224_length_5770_cov_1.611549	5770	0.08305808901786804	0.20112923936853236
NODE_225_length_5768_cov_2.229127	5768	0.06130591034889221	0.22156129617040562
NODE_233_length_5664_cov_1.966661	5664	0.03077431209385395	0.26629654807764935
NODE_237_length_5617_cov_2.275081	5617	0.018384668976068497	0.3004947503587884
NODE_235_length_5651_cov_6.375268	5651	0.16422364115715027	0.15918876048039882
NODE_229_length_5710_cov_1.917949	5710	0.014598159119486809	0.3163380920009064
NODE_232_length_5676_cov_2.363458	5676	0.01162403542548418	0.3323702696578291
NODE_222_length_5790_cov_2.074629	5790	0.019008532166481018	0.298247601782612
NODE_239_length_5544_cov_2.686828	5544	0.11164140701293945	0.18286879673691367
NODE_226_length_5747_cov_1.823963	5747	0.026419509202241898	0.2762670896593398
NODE_228_length_5737_cov_2.563182	5737	0.0050138914957642555	0.39240123876425714
NODE_243_length_5511_cov_2.460044	5511	0.0034766271710395813	0.4193670216783745
NODE_242_length_5524_cov_2.650393	5524	0.9785683155059814	0.0094984515446786
NODE_238_length_5614_cov_2.316604	5614	0.0025968325790017843	0.440724374952791
NODE_240_length_5544_cov_2.658590	5544	0.07882678508758545	0.20462270564242013
NODE_234_length_5655_cov_2.426429	5655	0.0005484118591994047	0.5502114963365813
NODE_230_length_5704_cov_5.573199	5704	0.9619776010513306	0.012085504947503588
NODE_251_length_5408_cov_2.441435	5408	0.005374753847718239	0.3876236875896971
NODE_236_length_5623_cov_2.950251	5623	0.03282345458865166	0.2623687589697107
NODE_249_length_5434_cov_2.325525	5434	0.011620558798313141	0.3323891532593096
NODE_247_length_5445_cov_2.472171	5445	0.019164424389600754	0.2976622101367173
NODE_253_length_5377_cov_2.089440	5377	0.00626516155898571	0.3762557594984515
NODE_245_length_5455_cov_3.611296	5455	0.022350765764713287	0.28723846211949544
NODE_244_length_5460_cov_2.360407	5460	0.052017610520124435	0.23170179016542036
NODE_255_length_5374_cov_1.787366	5374	0.021907953545451164	0.2885791978246091
NODE_259_length_5315_cov_2.753042	5315	0.11397120356559753	0.18162247903920237
NODE_254_length_5375_cov_2.282331	5375	0.01900951936841011	0.2982287181811315
NODE_252_length_5389_cov_2.555306	5389	0.018672829493880272	0.2995883374877257
NODE_260_length_5313_cov_2.456067	5313	0.029252350330352783	0.26945010952488857
NODE_257_length_5348_cov_2.141886	5348	0.07312479615211487	0.2096457436362263
NODE_250_length_5412_cov_2.174351	5412	0.2597825527191162	0.1297492257723393
NODE_246_length_5454_cov_2.170958	5454	0.296974241733551	0.11991086940101216
NODE_265_length_5256_cov_1.861950	5256	0.020251372829079628	0.2938666062391419
NODE_261_length_5292_cov_1.883139	5292	0.7990418672561646	0.025417327592718482
NODE_256_length_5369_cov_2.358863	5369	0.002885816153138876	0.4332653523680036
NODE_269_length_5219_cov_2.444617	5219	0.0019699439872056246	0.4603822040939648
NODE_263_length_5291_cov_2.014706	5291	0.008972633630037308	0.351631543167913
NODE_248_length_5437_cov_2.171683	5437	0.0035970802418887615	0.4169310370873933
NODE_267_length_5222_cov_2.306948	5222	0.4421846270561218	0.08558048190950979
NODE_273_length_5190_cov_2.477702	5190	0.11330535262823105	0.181886849459929
NODE_258_length_5316_cov_1.913324	5316	0.04887425899505615	0.23593171689704662
NODE_271_length_5196_cov_2.329119	5196	0.05624108016490936	0.2270186569982627
NODE_270_length_5197_cov_2.364255	5197	0.0026071290485560894	0.44047888813354485
NODE_277_length_5115_cov_4.478261	5115	0.07989413291215897	0.20364075836543546
NODE_266_length_5231_cov_1.902048	5231	0.18449673056602478	0.15223959513558427
NODE_279_length_5101_cov_1.900912	5101	0.032056521624326706	0.26355842586298056
NODE_275_length_5135_cov_2.859843	5135	0.048069462180137634	0.23717803459475792
NODE_262_length_5291_cov_2.038579	5291	0.5677324533462524	0.04600045320643553
NODE_264_length_5286_cov_2.730262	5286	0.07174353301525116	0.21096759573985951
NODE_285_length_5052_cov_2.709626	5052	0.0014381746295839548	0.4832880126897802
NODE_281_length_5082_cov_2.415357	5082	0.10647182166576385	0.1860790089885943
NODE_274_length_5172_cov_1.959937	5172	0.02665787748992443	0.27566281441196466
NODE_287_length_5028_cov_2.152825	5028	0.01310805045068264	0.3237593473827328
NODE_272_length_5192_cov_2.579716	5192	0.030220555141568184	0.2672973789561145
NODE_283_length_5062_cov_1.984821	5062	0.014789554290473461	0.31548832993428505
NODE_282_length_5072_cov_2.269882	5072	0.013096661306917667	0.3238537653901352
NODE_278_length_5109_cov_2.889988	5109	0.002151721389964223	0.454339451620213
NODE_276_length_5125_cov_2.007495	5125	0.0027408134192228317	0.437023189062618
NODE_268_length_5220_cov_2.258664	5220	0.11642304062843323	0.18052723015333486
NODE_289_length_5026_cov_1.987528	5026	0.033686768263578415	0.26066923483646803
NODE_280_length_5091_cov_2.240469	5091	0.010945971123874187	0.33701563562202586
NODE_286_length_5036_cov_2.297932	5036	0.016231488436460495	0.3096532970768185
NODE_284_length_5060_cov_2.345654	5060	0.012382336892187595	0.32766825288919105
NODE_288_length_5026_cov_2.271173	5026	0.007541993632912636	0.3639058841302213
NODE_290_length_5019_cov_2.455882	5019	0.010919557884335518	0.3371289372309087
